n_neighbors = 1
test_size = 0.10

             precision    recall  f1-score   support

          1       0.81      0.68      0.74       227
          2       0.73      0.72      0.73       210
          3       0.91      0.79      0.85       237
          4       0.92      0.97      0.95       204
          5       0.87      0.96      0.92       203
          6       0.83      0.92      0.87       207
          7       0.91      0.98      0.94       224

avg / total       0.86      0.86      0.85      1512

[[155  46   0   0   6   0  20]
 [ 31 152   3   0  19   4   1]
 [  0   5 188  10   3  31   0]
 [  0   0   2 198   0   4   0]
 [  0   4   4   0 195   0   0]
 [  0   1   9   7   0 190   0]
 [  5   0   0   0   0   0 219]]