             precision    recall  f1-score   support

          1       0.76      0.69      0.73       421
          2       0.72      0.66      0.69       438
          3       0.72      0.79      0.75       428
          4       0.91      0.94      0.93       449
          5       0.87      0.92      0.90       416
          6       0.79      0.75      0.77       432
          7       0.93      0.97      0.95       440

avg / total       0.82      0.82      0.82      3024

[[292  91   0   0  11   0  27]
 [ 77 290  19   0  40   6   6]
 [  0   3 336  24   1  64   0]
 [  0   0  17 421   0  11   0]
 [  0  17   9   0 383   7   0]
 [  0   3  85  16   4 324   0]
 [ 13   0   0   0   0   0 427]]
